    + --- ---------------- --------- +     + --- ---------------- --------- +     + --- ---------------- --------- +     + --- ---------------- --------- +
    |               Branch and Bound |     |                plain recursion |     |                plain iterative |     |              dynamic iterative |
--- + --- ---------------- --------- + --- + --- ---------------- --------- + --- + --- ---------------- --------- + --- + --- ---------------- --------- +
  n | sol            count  cpu time |   n | sol            count  cpu time |   n | sol            count  cpu time |   n | sol            count  cpu time |
--- + --- ---------------- --------- + --- + --- ---------------- --------- + --- + --- ---------------- --------- + --- + --- ---------------- --------- +
  1 |   1                2 3.847e-06 |   1 |   1                2 8.370e-07 |   1 |   1                1 3.009e-06 |   1 |   1                1 8.150e-07 | 
  2 |   2                3 7.410e-07 |   2 |   2                3 6.880e-07 |   2 |   2                2 7.150e-07 |   2 |   2                2 7.850e-07 | 
  3 |   3                5 8.700e-07 |   3 |   3                5 8.630e-07 |   3 |   3                3 6.640e-07 |   3 |   3                2 8.150e-07 | 
  4 |   3                5 9.710e-07 |   4 |   3                4 1.003e-06 |   4 |   3                3 8.660e-07 |   4 |   3                2 8.780e-07 | 
  5 |   4                7 1.068e-06 |   5 |   4                6 1.021e-06 |   5 |   4                4 7.740e-07 |   5 |   4                2 7.380e-07 | 
  6 |   4                8 9.810e-07 |   6 |   4                6 9.230e-07 |   6 |   4                4 7.850e-07 |   6 |   4                2 7.980e-07 | 
  7 |   5               10 1.017e-06 |   7 |   5                8 9.970e-07 |   7 |   5                5 7.610e-07 |   7 |   5                3 7.180e-07 | 
  8 |   5               12 1.120e-06 |   8 |   5                9 1.176e-06 |   8 |   5                5 7.320e-07 |   8 |   5                3 7.440e-07 | 
  9 |   5               10 1.127e-06 |   9 |   5                7 9.930e-07 |   9 |   5                5 8.710e-07 |   9 |   5                3 9.020e-07 | 
 10 |   6               13 1.251e-06 |  10 |   6               10 9.300e-07 |  10 |   6                6 9.770e-07 |  10 |   6                3 7.630e-07 | 
 11 |   6               15 1.215e-06 |  11 |   6               11 8.160e-07 |  11 |   6                6 5.910e-07 |  11 |   6                3 4.860e-07 | 
 12 |   6               13 4.300e-07 |  12 |   6                9 3.930e-07 |  12 |   6                6 2.610e-07 |  12 |   6                3 2.380e-07 | 
 13 |   7               17 4.720e-07 |  13 |   7               13 4.400e-07 |  13 |   7                7 2.390e-07 |  13 |   7                4 2.290e-07 | 
 14 |   7               20 3.990e-07 |  14 |   7               15 4.370e-07 |  14 |   7                7 2.370e-07 |  14 |   7                4 2.270e-07 | 
 15 |   7               20 3.790e-07 |  15 |   7               15 3.830e-07 |  15 |   7                7 2.470e-07 |  15 |   7                4 2.410e-07 | 
 16 |   7               16 3.490e-07 |  16 |   7               11 3.140e-07 |  16 |   7                7 2.820e-07 |  16 |   7                4 2.740e-07 | 
 17 |   8               20 3.740e-07 |  17 |   8               15 3.740e-07 |  17 |   8                8 2.470e-07 |  17 |   8                4 2.280e-07 | 
 18 |   8               23 3.760e-07 |  18 |   8               17 3.740e-07 |  18 |   8                8 2.350e-07 |  18 |   8                4 2.310e-07 | 
 19 |   8               24 4.490e-07 |  19 |   8               18 4.210e-07 |  19 |   8                8 2.470e-07 |  19 |   8                4 2.400e-07 | 
 20 |   8               21 4.130e-07 |  20 |   8               15 8.360e-07 |  20 |   8                8 8.050e-07 |  20 |   8                4 7.190e-07 | 
 21 |   9               25 1.390e-06 |  21 |   9               19 9.550e-07 |  21 |   9                9 6.880e-07 |  21 |   9                5 4.840e-07 | 
 22 |   9               29 6.290e-07 |  22 |   9               22 6.760e-07 |  22 |   9                9 3.130e-07 |  22 |   9                5 2.550e-07 | 
 23 |   9               30 5.810e-07 |  23 |   9               23 6.480e-07 |  23 |   9                9 2.510e-07 |  23 |   9                5 2.440e-07 | 
 24 |   9               28 4.820e-07 |  24 |   9               21 5.060e-07 |  24 |   9                9 2.620e-07 |  24 |   9                5 2.410e-07 | 
 25 |   9               21 1.792e-06 |  25 |   9               14 3.980e-07 |  25 |   9                9 3.270e-07 |  25 |   9                5 3.100e-07 | 
 26 |  10               24 4.810e-07 |  26 |  10               17 4.850e-07 |  26 |  10               10 2.940e-07 |  26 |  10                5 2.770e-07 | 
 27 |  10               27 5.370e-07 |  27 |  10               19 5.120e-07 |  27 |  10               10 2.560e-07 |  27 |  10                5 2.650e-07 | 
 28 |  10               26 4.580e-07 |  28 |  10               18 5.360e-07 |  28 |  10               10 2.760e-07 |  28 |  10                5 2.600e-07 | 
 29 |  10               24 4.070e-07 |  29 |  10               16 4.400e-07 |  29 |  10               10 2.810e-07 |  29 |  10                5 2.660e-07 | 
 30 |  10               20 3.290e-07 |  30 |  10               12 3.390e-07 |  30 |  10               10 3.370e-07 |  30 |  10                5 2.650e-07 | 
 31 |  11               22 3.420e-07 |  31 |  11               14 3.440e-07 |  31 |  11               11 2.660e-07 |  31 |  11                6 2.810e-07 | 
 32 |  11               24 3.500e-07 |  32 |  11               15 3.370e-07 |  32 |  11               11 2.840e-07 |  32 |  11                6 2.550e-07 | 
 33 |  11               22 3.150e-07 |  33 |  11               13 3.350e-07 |  33 |  11               11 2.740e-07 |  33 |  11                6 2.610e-07 | 
 34 |  12               24 3.650e-07 |  34 |  12               15 3.470e-07 |  34 |  12               12 3.490e-07 |  34 |  12                7 3.300e-07 | 
 35 |  12               26 3.480e-07 |  35 |  12               16 3.510e-07 |  35 |  12               12 4.500e-07 |  35 |  12                7 3.430e-07 | 
 36 |  12               24 3.380e-07 |  36 |  12               14 3.310e-07 |  36 |  12               12 3.870e-07 |  36 |  12                7 3.360e-07 | 
 37 |  13               26 3.800e-07 |  37 |  13               16 3.800e-07 |  37 |  13               13 4.190e-07 |  37 |  13                7 3.230e-07 | 
 38 |  13               28 3.530e-07 |  38 |  13               17 3.690e-07 |  38 |  13               13 3.530e-07 |  38 |  13                7 2.740e-07 | 
 39 |  13               26 3.400e-07 |  39 |  13               15 3.430e-07 |  39 |  13               13 3.780e-07 |  39 |  13                7 2.980e-07 | 
 40 |  14               28 3.580e-07 |  40 |  14               17 3.560e-07 |  40 |  14               14 3.670e-07 |  40 |  14                8 2.850e-07 | 
 41 |  14               30 3.650e-07 |  41 |  14               18 3.900e-07 |  41 |  14               14 4.200e-07 |  41 |  14                8 3.480e-07 | 
 42 |  14               28 3.370e-07 |  42 |  14               16 3.520e-07 |  42 |  14               14 3.120e-07 |  42 |  14                4 2.330e-07 | 
 43 |  15               31 3.830e-07 |  43 |  15               19 3.870e-07 |  43 |  15               15 3.670e-07 |  43 |  15                5 2.740e-07 | 
 44 |  15               33 3.800e-07 |  44 |  15               20 4.030e-07 |  44 |  15               15 3.430e-07 |  44 |  15                4 2.210e-07 | 
 45 |  15               31 3.640e-07 |  45 |  15               18 3.680e-07 |  45 |  15               15 3.180e-07 |  45 |  15                4 2.060e-07 | 
 46 |  16               34 4.310e-07 |  46 |  16               21 4.310e-07 |  46 |  16               16 3.700e-07 |  46 |  16                5 2.670e-07 | 
 47 |  16               36 4.360e-07 |  47 |  16               22 4.410e-07 |  47 |  16               16 3.410e-07 |  47 |  16                4 2.150e-07 | 
 48 |  16               35 4.360e-07 |  48 |  16               21 4.530e-07 |  48 |  16               16 3.380e-07 |  48 |  16                4 2.050e-07 | 
 49 |  16               32 4.280e-07 |  49 |  16               18 3.910e-07 |  49 |  16               16 3.390e-07 |  49 |  16                4 2.670e-07 | 
 50 |  17               34 4.520e-07 |  50 |  17               20 9.730e-07 |  50 |  17               17 1.171e-06 |  50 |  17                4 7.850e-07 | 
 55 |  19               37 1.300e-06 |  55 |  19               21 9.560e-07 |  55 |  19               19 1.037e-06 |  55 |  19                6 5.520e-07 | 
 60 |  21               42 7.760e-07 |  60 |  21               23 7.570e-07 |  60 |  21               21 6.320e-07 |  60 |  21                8 3.750e-07 | 
 65 |  23               48 7.200e-07 |  65 |  23               27 6.740e-07 |  65 |  23               23 5.040e-07 |  65 |  23                5 2.480e-07 | 
 70 |  25               53 8.810e-07 |  70 |  25               31 7.900e-07 |  70 |  25               25 5.770e-07 |  70 |  25                5 3.210e-07 | 
 75 |  26               59 8.620e-07 |  75 |  26               35 8.380e-07 |  75 |  26               26 5.420e-07 |  75 |  26                5 3.270e-07 | 
 80 |  27               68 1.031e-06 |  80 |  27               43 2.887e-06 |  80 |  27               27 6.060e-07 |  80 |  27                5 3.160e-07 | 
 85 |  28               73 9.320e-07 |  85 |  28               47 9.810e-07 |  85 |  28               28 6.560e-07 |  85 |  28                6 3.370e-07 | 
 90 |  30               66 1.101e-06 |  90 |  30               39 1.001e-06 |  90 |  30               30 6.150e-07 |  90 |  30                7 3.360e-07 | 
 95 |  32               70 9.960e-07 |  95 |  32               40 8.920e-07 |  95 |  32               32 7.520e-07 |  95 |  32                9 5.500e-07 | 
100 |  35               76 9.180e-07 | 100 |  35               44 1.797e-06 | 100 |  35               35 1.411e-06 | 100 |  35               11 1.045e-06 | 
110 |  39               87 2.337e-06 | 110 |  39               50 1.984e-06 | 110 |  39               39 1.697e-06 | 110 |  39                7 5.430e-07 | 
120 |  42               98 1.665e-06 | 120 |  42               58 1.651e-06 | 120 |  42               42 8.560e-07 | 120 |  42                6 3.940e-07 | 
130 |  44              108 1.614e-06 | 130 |  44               66 1.593e-06 | 130 |  44               44 7.470e-07 | 130 |  44                6 3.940e-07 | 
140 |  46              113 1.256e-06 | 140 |  46               69 1.254e-06 | 140 |  46               46 7.360e-07 | 140 |  46                7 1.864e-06 | 
150 |  48              115 1.296e-06 | 150 |  48               69 1.344e-06 | 150 |  48               48 6.950e-07 | 150 |  48                8 3.440e-07 | 
160 |  52              110 1.222e-06 | 160 |  52               61 1.222e-06 | 160 |  52               52 8.270e-07 | 160 |  52               10 5.020e-07 | 
170 |  57              121 1.355e-06 | 170 |  57               67 1.222e-06 | 170 |  57               57 8.620e-07 | 170 |  57               14 4.520e-07 | 
180 |  60              131 1.321e-06 | 180 |  60               74 1.383e-06 | 180 |  60               60 8.630e-07 | 180 |  60                6 2.930e-07 | 
190 |  62              146 1.566e-06 | 190 |  62               86 1.561e-06 | 190 |  62               62 8.360e-07 | 190 |  62                6 3.000e-07 | 
200 |  64              146 1.595e-06 | 200 |  64               85 3.043e-06 | 200 |  64               64 2.474e-06 | 200 |  64                7 1.036e-06 | 
220 |  70              146 3.368e-06 | 220 |  70               78 2.867e-06 | 220 |  70               70 2.695e-06 | 220 |  70               12 8.410e-07 | 
240 |  77              168 2.624e-06 | 240 |  77               93 3.540e-06 | 240 |  77               77 1.805e-06 | 240 |  77               16 5.200e-07 | 
260 |  81              171 5.620e-06 | 260 |  81               92 2.108e-06 | 260 |  81               81 1.882e-06 | 260 |  81                9 4.620e-07 | 
280 |  88              182 2.300e-06 | 280 |  88               97 2.076e-06 | 280 |  88               88 1.748e-06 | 280 |  88               13 6.130e-07 | 
300 |  96              205 2.532e-06 | 300 |  96              111 2.433e-06 | 300 |  96               96 1.917e-06 | 300 |  96               13 4.790e-07 | 
320 | 101              213 2.494e-06 | 320 | 101              114 2.563e-06 | 320 | 101              101 1.772e-06 | 320 | 101                9 4.250e-07 | 
340 | 111              235 4.269e-06 | 340 | 111              127 2.589e-06 | 340 | 111              111 1.636e-06 | 340 | 111               17 5.700e-07 | 
360 | 115              244 2.576e-06 | 360 | 115              131 2.420e-06 | 360 | 115              115 1.837e-06 | 360 | 115                7 3.290e-07 | 
380 | 120              259 2.849e-06 | 380 | 120              142 2.761e-06 | 380 | 120              120 1.698e-06 | 380 | 120               10 3.980e-07 | 
400 | 128              270 2.873e-06 | 400 | 128              144 4.513e-06 | 400 | 128              128 4.579e-06 | 400 | 128               14 1.241e-06 | 
420 | 134              291 5.627e-06 | 420 | 134              160 4.709e-06 | 420 | 134              134 3.679e-06 | 420 | 134                9 2.178e-06 | 
440 | 139              293 4.450e-06 | 440 | 139              157 3.818e-06 | 440 | 139              139 2.876e-06 | 440 | 139               10 5.410e-07 | 
460 | 147              310 3.992e-06 | 460 | 147              165 5.521e-06 | 460 | 147              147 2.840e-06 | 460 | 147               17 6.500e-07 | 
480 | 152              324 3.900e-06 | 480 | 152              174 3.611e-06 | 480 | 152              152 2.717e-06 | 480 | 152                8 4.230e-07 | 
500 | 159              332 5.074e-06 | 500 | 159              176 3.572e-06 | 500 | 159              159 2.758e-06 | 500 | 159               11 5.330e-07 | 
520 | 166              348 4.035e-06 | 520 | 166              184 3.588e-06 | 520 | 166              166 2.632e-06 | 520 | 166               17 6.230e-07 | 
540 | 171              379 4.563e-06 | 540 | 171              210 4.132e-06 | 540 | 171              171 2.706e-06 | 540 | 171                8 3.870e-07 | 
560 | 178              375 4.186e-06 | 560 | 178              200 3.869e-06 | 560 | 178              178 2.691e-06 | 560 | 178               13 5.700e-07 | 
580 | 185              398 5.205e-06 | 580 | 185              215 3.662e-06 | 580 | 185              185 2.593e-06 | 580 | 185               10 3.310e-07 | 
600 | 189              415 5.547e-06 | 600 | 189              228 4.029e-06 | 600 | 189              189 2.813e-06 | 600 | 189                8 3.660e-07 | 
620 | 195              410 4.172e-06 | 620 | 195              217 3.912e-06 | 620 | 195              195 2.985e-06 | 620 | 195               12 4.960e-07 | 
640 | 203              431 4.352e-06 | 640 | 203              231 4.081e-06 | 640 | 203              203 2.902e-06 | 640 | 203               16 4.230e-07 | 
660 | 208              440 5.283e-06 | 660 | 208              235 4.184e-06 | 660 | 208              208 3.063e-06 | 660 | 208                9 3.740e-07 | 
680 | 214              452 4.180e-06 | 680 | 214              241 4.004e-06 | 680 | 214              214 2.660e-06 | 680 | 214               13 4.350e-07 | 
700 | 222              475 4.361e-06 | 700 | 222              255 4.152e-06 | 700 | 222              222 2.874e-06 | 700 | 222               14 4.260e-07 | 
720 | 227              484 4.458e-06 | 720 | 227              260 4.277e-06 | 720 | 227              227 2.807e-06 | 720 | 227                9 3.740e-07 | 
740 | 236              506 4.653e-06 | 740 | 236              272 4.410e-06 | 740 | 236              236 2.787e-06 | 740 | 236               16 5.690e-07 | 
760 | 241              521 5.206e-06 | 760 | 241              283 4.920e-06 | 760 | 241              241 3.266e-06 | 760 | 241                8 3.210e-07 | 
780 | 244              526 5.315e-06 | 780 | 244              284 5.085e-06 | 780 | 244              244 4.162e-06 | 780 | 244                9 3.630e-07 | 
800 | 253              538 4.973e-06 | 800 | 253              287 8.162e-06 | 800 | 253              253 6.504e-06 | 800 | 253               15 1.030e-06 | 